[gd_scene load_steps=18 format=2]

[ext_resource path="res://scripts/Plant.gd" type="Script" id=1]
[ext_resource path="res://levels/Swamp/FlowerSpatial.gd" type="Script" id=2]
[ext_resource path="res://assets/npcs/pattern.png" type="Texture" id=3]
[ext_resource path="res://scripts/_InteractionArea_Active.gd" type="Script" id=4]
[ext_resource path="res://sceneObjects/TextBox.tscn" type="PackedScene" id=5]

[sub_resource type="CylinderMesh" id=1]
top_radius = 0.1
bottom_radius = 0.1
height = 4.0

[sub_resource type="SpatialMaterial" id=2]
albedo_color = Color( 0, 1, 0.0627451, 1 )

[sub_resource type="SpatialMaterial" id=3]
albedo_color = Color( 0.00392157, 0.909804, 0.0588235, 1 )

[sub_resource type="PrismMesh" id=4]
size = Vector3( 0.5, 1.5, 0.1 )

[sub_resource type="SpatialMaterial" id=5]
albedo_color = Color( 0, 1, 0.109804, 1 )

[sub_resource type="SpatialMaterial" id=6]
albedo_color = Color( 0.219608, 1, 0, 1 )

[sub_resource type="SpatialMaterial" id=7]
albedo_color = Color( 0.384314, 1, 0, 1 )

[sub_resource type="SphereMesh" id=8]
radius = 0.5
height = 0.8
radial_segments = 8
rings = 8

[sub_resource type="SpatialMaterial" id=9]
flags_unshaded = true
albedo_texture = ExtResource( 3 )

[sub_resource type="SphereShape" id=10]

[sub_resource type="Gradient" id=11]
offsets = PoolRealArray( 0, 0.0412844, 0.988166 )
colors = PoolColorArray( 0.232635, 0.386719, 0.274768, 1, 0.245987, 0.393736, 0.273246, 1, 0.552216, 0.554688, 0.238342, 1 )

[sub_resource type="GradientTexture" id=12]
gradient = SubResource( 11 )
width = 500

[node name="Plant" type="Spatial"]
script = ExtResource( 1 )

[node name="Stem" type="MeshInstance" parent="."]
editor/display_folded = true
mesh = SubResource( 1 )
material/0 = SubResource( 2 )

[node name="Leaf" type="MeshInstance" parent="Stem"]
transform = Transform( 0.827525, 0.0199528, -0.561075, -0.383545, -0.709718, -0.590926, -0.409996, 0.704203, -0.579657, 0.319926, 1, 0.603735 )
material_override = SubResource( 3 )
mesh = SubResource( 4 )
material/0 = null

[node name="Leaf4" type="MeshInstance" parent="Stem"]
transform = Transform( -0.797506, 0.513189, -0.317208, 0.028361, -0.493308, -0.869392, -0.602644, -0.702342, 0.378862, 0.140167, 1.43997, -0.637935 )
material_override = SubResource( 5 )
mesh = SubResource( 4 )
material/0 = null

[node name="Leaf2" type="MeshInstance" parent="Stem"]
transform = Transform( 0.553083, -0.688945, 0.468459, -0.383545, -0.709718, -0.590926, 0.73959, 0.147156, -0.656775, -0.52847, 0.320573, 0.603735 )
material_override = SubResource( 6 )
mesh = SubResource( 4 )
material/0 = null

[node name="Leaf3" type="MeshInstance" parent="Stem"]
transform = Transform( -0.668039, -0.228595, 0.708144, -0.383545, -0.709718, -0.590926, 0.637666, -0.666367, 0.386443, -0.52847, -0.6539, -0.102969 )
material_override = SubResource( 7 )
mesh = SubResource( 4 )
material/0 = null

[node name="FlowerSpatial" type="Spatial" parent="Stem"]
script = ExtResource( 2 )

[node name="Flower6" type="MeshInstance" parent="Stem/FlowerSpatial"]
transform = Transform( 0.499994, 0, -0.00239208, 0, 0.8, 0, 0.00239208, 0, 0.499994, -0.229902, 2.71655, 0.64296 )
mesh = SubResource( 8 )
material/0 = SubResource( 9 )

[node name="Flower" type="MeshInstance" parent="Stem/FlowerSpatial"]
transform = Transform( 1, 0, 0, 0, 1, 0, 0, 0, 1, 0, 2.54737, 0 )
mesh = SubResource( 8 )
material/0 = SubResource( 9 )

[node name="Flower2" type="MeshInstance" parent="Stem/FlowerSpatial"]
transform = Transform( 0.5, 0, 0, 0, 0.8, 0, 0, 0, 0.5, 0, 3.23951, 0 )
mesh = SubResource( 8 )
material/0 = SubResource( 9 )

[node name="Flower4" type="MeshInstance" parent="Stem/FlowerSpatial"]
transform = Transform( 0.5, 0, 0, 0, 0.8, 0, 0, 0, 0.5, 0.680632, 2.72028, 0 )
mesh = SubResource( 8 )
material/0 = SubResource( 9 )

[node name="Flower7" type="MeshInstance" parent="Stem/FlowerSpatial"]
transform = Transform( 0.184861, 0.190829, 0, -0.0763318, 0.462152, 0, 0, 0, 0.2, 0.883392, 3.20287, 0 )
mesh = SubResource( 8 )
material/0 = SubResource( 9 )

[node name="Flower5" type="MeshInstance" parent="Stem/FlowerSpatial"]
transform = Transform( 0.5, 0, 0, 0, 0.8, 0, 0, 0, 0.5, -0.631497, 2.7501, -0.277678 )
mesh = SubResource( 8 )
material/0 = SubResource( 9 )

[node name="Flower8" type="MeshInstance" parent="Stem/FlowerSpatial"]
transform = Transform( 0.187571, -0.144231, -0.0385821, 0.0694046, 0.389796, 0.104271, 0, -0.277951, 0.16625, -0.764917, 3.20876, -0.52495 )
mesh = SubResource( 8 )
material/0 = SubResource( 9 )

[node name="Flower9" type="MeshInstance" parent="Stem/FlowerSpatial"]
transform = Transform( 0.191559, -0.0639067, -0.0514948, -0.000431603, 0.446243, -0.0902139, 0.0574889, 0.216294, 0.170909, -0.614529, 3.23884, 0.960621 )
mesh = SubResource( 8 )
material/0 = SubResource( 9 )

[node name="Flower3" type="MeshInstance" parent="Stem/FlowerSpatial"]
transform = Transform( 0.2, 0, 0, 0, 0.5, 0, 0, 0, 0.2, 0, 3.75922, 0 )
mesh = SubResource( 8 )
material/0 = SubResource( 9 )

[node name="InteractionArea" type="Area" parent="."]
transform = Transform( 1, 0, 0, 0, 1, 0, 0, 0, 1, 0, 3, 0 )
script = ExtResource( 4 )

[node name="CollisionShape" type="CollisionShape" parent="InteractionArea"]
shape = SubResource( 10 )

[node name="Plant TextBox" parent="." instance=ExtResource( 5 )]

[node name="TextBox" parent="Plant TextBox" index="0"]
texture = SubResource( 12 )

[node name="Portrait" parent="Plant TextBox/TextBox" index="0"]
texture = ExtResource( 3 )

[node name="Text" parent="Plant TextBox/TextBox" index="1"]
bbcode_text = "...
...
......
"
text = "...
...
......
"


[editable path="Plant TextBox"]
